36266.6667 
62550.0000
34600.0000 
58633.3333
51650.0000 
72300.0000
37800.0000 
67683.3333
35428.0556 
60174.1667
34583.3333 
68550.0000
27383.3333 
54766.6667
34533.3333 
63166.6667
23766.6667 
64683.3333
32383.3333 
59666.6667
32383.3333 
59666.6667
25416.6667 
65533.3333
31383.3333 
64183.3333
37916.6667 
62933.3333
37183.3333 
60166.6667
35600.0000 
60900.0000
33783.3333 
60600.0000
35454.1667 
60891.3889
31650.0000 
68400.0000
28833.3333 
58833.3333
26283.3333 
64483.3333
34642.5000 
58618.0556
34150.0000 
60800.0000
33800.0000 
61583.3333
32666.6667 
68616.6667
27033.3333 
54650.0000
32266.6667 
68416.6667
35550.0000 
58883.3333
25083.3333 
65483.3333
28550.0000 
67066.6667